 43
 2 6 1 3 -1 2 4 -1
 0 0 5 7 3 0 -1 16
 0 0 0 -1 15 6 8 4
 1 29 7 9 11 -1 0 1
 1 29 -1 0 2 8 10 12
 2 8 17 19 7 1 16 -1
 2 8 2 15 -1 18 20 8
 0 0 19 21 9 3 1 5
 0 0 4 2 6 20 22 10
 0 0 21 -1 -1 11 3 7
 0 0 12 4 8 22 -1 -1
 0 0 9 -1 -1 13 -1 3
 0 0 14 -1 4 10 -1 -1
 0 0 11 -1 -1 -1 15 -1
 0 0 -1 16 -1 12 -1 -1
 0 0 -1 13 -1 -1 6 2
 0 0 -1 5 1 -1 14 -1
 0 0 23 25 19 5 -1 32
 0 0 6 -1 31 24 26 20
 0 0 25 27 21 7 5 17
 0 0 8 6 18 26 28 22
 0 0 27 -1 -1 9 7 19
 0 0 10 8 20 28 -1 -1
 0 0 33 35 25 17 32 42
 0 0 18 31 41 34 36 26
 0 0 35 37 27 19 17 23
 0 0 20 18 24 36 38 28
 0 0 37 -1 -1 21 19 25
 0 0 22 20 26 38 -1 -1
 2 51 -1 -1 -1 39 31 -1
 2 51 40 32 -1 -1 -1 -1
 2 9 -1 29 39 41 24 18
 2 9 42 23 17 -1 30 40
 0 0 -1 -1 35 23 42 -1
 0 0 24 41 -1 -1 -1 36
 1 15 -1 -1 37 25 23 33
 1 15 26 24 34 -1 -1 38
 0 0 -1 -1 -1 27 25 35
 0 0 28 26 36 -1 -1 -1
 0 0 29 -1 -1 -1 41 31
 0 0 -1 42 32 30 -1 -1
 0 0 31 39 -1 -1 34 24
 0 0 -1 33 23 32 40 -1
 2
23
23
23
23
23
23
23
23
23
23
23
23
23
23
23
23
23
23
23
23
23
23
23
23
23
23
23
23
23
23
23
23
23
23
23
23
23
23
23
23
23
23
23
24
24
24
24
24
24
24
24
24
24
24
24
24
24
24
24
24
24
24
24
24
24
24
24
24
24
24
24
24
24
24
24
24
24
24
24
24
24
24
24
24
24
24
6 0 0
0 0 0
0 0 0
29 0 0
29 0 0
8 0 0
8 0 0
0 0 0
0 0 0
0 0 0
0 0 0
0 0 0
0 0 0
0 0 0
0 0 0
0 0 0
0 0 0
0 0 0
0 0 0
0 0 0
0 0 0
0 0 0
0 0 0
0 10 0
0 0 10
0 0 0
0 0 0
0 0 0
0 0 0
51 0 0
51 0 0
9 0 0
9 0 0
0 0 0
0 0 0
15 0 0
15 0 0
0 0 0
0 0 0
0 0 0
0 0 0
0 0 0
0 0 0