43
1 3 -1 2 4 -1 
5 7 3 0 -1 16 
0 -1 15 6 8 4 
7 9 11 -1 0 1 
-1 0 2 8 10 12 
17 19 7 1 16 -1 
2 15 -1 18 20 8 
19 21 9 3 1 5 
4 2 6 20 22 10 
21 -1 -1 11 3 7 
12 4 8 22 -1 -1 
9 -1 -1 13 -1 3 
14 -1 4 10 -1 -1 
11 -1 -1 -1 15 -1 
-1 16 -1 12 -1 -1 
-1 13 -1 -1 6 2 
-1 5 1 -1 14 -1 
23 25 19 5 -1 32 
6 -1 31 24 26 20 
25 27 21 7 5 17 
8 6 18 26 28 22 
27 -1 -1 9 7 19 
10 8 20 28 -1 -1 
33 35 25 17 32 42 
18 31 41 34 36 26 
35 37 27 19 17 23 
20 18 24 36 38 28 
37 -1 -1 21 19 25 
22 20 26 38 -1 -1 
-1 -1 -1 39 31 -1 
40 32 -1 -1 -1 -1 
-1 29 39 41 24 18 
42 23 17 -1 30 40 
-1 -1 35 23 42 -1 
24 41 -1 -1 -1 36 
-1 -1 37 25 23 33 
26 24 34 -1 -1 38 
-1 -1 -1 27 25 35 
28 26 36 -1 -1 -1 
29 -1 -1 -1 41 31 
-1 42 32 30 -1 -1 
31 39 -1 -1 34 24 
-1 33 23 32 40 -1