33
-1 1 3 -1 2 4
7 9 11 3 0 -1
4 0 -1 8 10 12
1 11 13 -1 -1 0
-1 -1 0 2 12 14
15 17 7 -1 -1 24
-1 -1 23 16 18 8
17 19 9 1 -1 5
2 -1 6 18 20 10
19 -1 -1 11 1 7
12 2 8 20 -1 -1
9 -1 -1 13 3 1
14 4 2 10 -1 -1
11 -1 -1 21 -1 3
22 -1 4 12 -1 -1
25 -1 17 5 24 32
6 23 31 26 -1 18
-1 27 19 7 5 15
8 6 16 -1 28 20
27 -1 -1 9 7 17
10 8 18 28 -1 -1
13 -1 -1 29 23 -1
30 24 -1 14 -1 -1
-1 21 29 31 16 6
32 15 5 -1 22 30
-1 -1 -1 15 32 -1
16 31 -1 -1 -1 -1
-1 -1 -1 19 17 -1
20 18 -1 -1 -1 -1
21 -1 -1 -1 31 23
-1 32 24 22 -1 -1
23 29 -1 -1 26 16
-1 25 15 24 30 -1
