37
1 3 -1 2 4 -1
5 7 3 0 -1 16
0 -1 15 6 8 4
7 9 11 -1 0 1
-1 0 2 8 10 12
-1 17 7 1 16 22
2 15 21 -1 18 8
17 -1 9 3 1 5
4 2 6 18 -1 10
-1 -1 -1 11 3 7
12 4 8 -1 -1 -1
9 -1 -1 13 -1 3
14 -1 4 10 -1 -1
11 -1 -1 19 15 -1
20 16 -1 12 -1 -1
-1 13 19 21 6 2
22 5 1 -1 14 20
23 25 -1 7 5 -1
8 6 -1 24 26 -1
13 -1 -1 27 21 15
28 22 16 14 -1 -1
15 19 27 29 -1 6
30 -1 5 16 20 28
33 35 25 17 -1 -1
18 -1 -1 34 36 26
35 -1 -1 -1 17 23
-1 18 24 36 -1 -1
19 -1 -1 -1 29 21
-1 30 22 20 -1 -1
21 27 -1 -1 -1 -1
-1 -1 -1 22 28 -1
-1 -1 33 -1 -1 -1
-1 -1 -1 -1 -1 34
-1 -1 35 23 -1 31
24 -1 32 -1 -1 36
-1 -1 -1 25 23 33
26 24 34 -1 -1 -1
